coadds-0_0667/L1448IRS3/mosaic-int_fits/b1/time_series_L1448IRS3_b1_test.ecsv
# %ECSV 1.0
# ---
# datatype:
# - {name: time, datatype: float64}
# - name: TARGET aperture:0
#   datatype: float64
#   meta: !!omap
#   - {'ra[deg]': 51.39941161861452}
#   - {'dec[deg]': 30.754978888792074}
#   - semi-major_axis[pix]: !astropy.units.Quantity
#       unit: &id001 !astropy.units.Unit {unit: pix}
#       value: 10.0
#   - semi-minor_axis[pix]: !astropy.units.Quantity
#       unit: *id001
#       value: 10.0
#   - theta[rad]: !astropy.units.Quantity
#       unit: &id002 !astropy.units.Unit {unit: rad}
#       value: 0.0
# - name: TARGET aperture:1
#   datatype: float64
#   meta: !!omap
#   - {'ra[deg]': 51.402320868851845}
#   - {'dec[deg]': 30.75858996393074}
#   - semi-major_axis[pix]: !astropy.units.Quantity
#       unit: *id001
#       value: 14.0
#   - semi-minor_axis[pix]: !astropy.units.Quantity
#       unit: *id001
#       value: 13.0
#   - theta[rad]: !astropy.units.Quantity
#       unit: *id002
#       value: 1.9198621771937625
# - name: TARGET aperture:2
#   datatype: float64
#   meta: !!omap
#   - {'ra[deg]': 51.410076479987964}
#   - {'dec[deg]': 30.7374784386212}
#   - semi-major_axis[pix]: !astropy.units.Quantity
#       unit: *id001
#       value: 15.0
#   - semi-minor_axis[pix]: !astropy.units.Quantity
#       unit: *id001
#       value: 9.0
#   - theta[rad]: !astropy.units.Quantity
#       unit: *id002
#       value: 0.9599310885968813
# - name: TARGET aperture:3
#   datatype: float64
#   meta: !!omap
#   - {'ra[deg]': 51.41298441349432}
#   - {'dec[deg]': 30.732755942023523}
#   - semi-major_axis[pix]: !astropy.units.Quantity
#       unit: *id001
#       value: 10.0
#   - semi-minor_axis[pix]: !astropy.units.Quantity
#       unit: *id001
#       value: 10.0
#   - theta[rad]: !astropy.units.Quantity
#       unit: *id002
#       value: 0.0
# - name: aperture:4
#   datatype: float64
#   meta: !!omap
#   - {'ra[deg]': 51.41153949343703}
#   - {'dec[deg]': 30.735360362746945}
#   - aperture_rad[pix]: !astropy.units.Quantity
#       unit: *id001
#       value: 8.249999800231205
#   - annulus_inner_rad[pix]: !astropy.units.Quantity
#       unit: *id001
#       value: 11.999999709427206
#   - annulus_outer_rad[pix]: !astropy.units.Quantity
#       unit: *id001
#       value: 17.99999956414081
# - name: aperture:5
#   datatype: float64
#   meta: !!omap
#   - {'ra[deg]': 51.408932565001926}
#   - {'dec[deg]': 30.743772761591934}
#   - aperture_rad[pix]: !astropy.units.Quantity
#       unit: *id001
#       value: 8.249999800231205
#   - annulus_inner_rad[pix]: !astropy.units.Quantity
#       unit: *id001
#       value: 11.999999709427206
#   - annulus_outer_rad[pix]: !astropy.units.Quantity
#       unit: *id001
#       value: 17.99999956414081
# - name: aperture:6
#   datatype: float64
#   meta: !!omap
#   - {'ra[deg]': 51.40004768214254}
#   - {'dec[deg]': 30.754980351114117}
#   - aperture_rad[pix]: !astropy.units.Quantity
#       unit: *id001
#       value: 8.249999800231205
#   - annulus_inner_rad[pix]: !astropy.units.Quantity
#       unit: *id001
#       value: 11.999999709427206
#   - annulus_outer_rad[pix]: !astropy.units.Quantity
#       unit: *id001
#       value: 17.99999956414081
# - name: aperture:7
#   datatype: float64
#   meta: !!omap
#   - {'ra[deg]': 51.395627111957644}
#   - {'dec[deg]': 30.78572384480647}
#   - aperture_rad[pix]: !astropy.units.Quantity
#       unit: *id001
#       value: 8.249999800231205
#   - annulus_inner_rad[pix]: !astropy.units.Quantity
#       unit: *id001
#       value: 11.999999709427206
#   - annulus_outer_rad[pix]: !astropy.units.Quantity
#       unit: *id001
#       value: 17.99999956414081
# - name: aperture:8
#   datatype: float64
#   meta: !!omap
#   - {'ra[deg]': 51.39583369155963}
#   - {'dec[deg]': 30.787774567604433}
#   - aperture_rad[pix]: !astropy.units.Quantity
#       unit: *id001
#       value: 8.249999800231205
#   - annulus_inner_rad[pix]: !astropy.units.Quantity
#       unit: *id001
#       value: 11.999999709427206
#   - annulus_outer_rad[pix]: !astropy.units.Quantity
#       unit: *id001
#       value: 17.99999956414081
# - name: TSUB aperture:0
#   datatype: float64
#   meta: !!omap
#   - {'ra[deg]': 51.39941161861452}
#   - {'dec[deg]': 30.754978888792074}
#   - semi-major_axis[pix]: !astropy.units.Quantity
#       unit: *id001
#       value: 10.0
#   - semi-minor_axis[pix]: !astropy.units.Quantity
#       unit: *id001
#       value: 10.0
#   - theta[rad]: !astropy.units.Quantity
#       unit: *id002
#       value: 0.0
# - name: TDIV aperture:0
#   datatype: float64
#   meta: !!omap
#   - {'ra[deg]': 51.39941161861452}
#   - {'dec[deg]': 30.754978888792074}
#   - semi-major_axis[pix]: !astropy.units.Quantity
#       unit: *id001
#       value: 10.0
#   - semi-minor_axis[pix]: !astropy.units.Quantity
#       unit: *id001
#       value: 10.0
#   - theta[rad]: !astropy.units.Quantity
#       unit: *id002
#       value: 0.0
# - name: TSUB aperture:1
#   datatype: float64
#   meta: !!omap
#   - {'ra[deg]': 51.402320868851845}
#   - {'dec[deg]': 30.75858996393074}
#   - semi-major_axis[pix]: !astropy.units.Quantity
#       unit: *id001
#       value: 14.0
#   - semi-minor_axis[pix]: !astropy.units.Quantity
#       unit: *id001
#       value: 13.0
#   - theta[rad]: !astropy.units.Quantity
#       unit: *id002
#       value: 1.9198621771937625
# - name: TDIV aperture:1
#   datatype: float64
#   meta: !!omap
#   - {'ra[deg]': 51.402320868851845}
#   - {'dec[deg]': 30.75858996393074}
#   - semi-major_axis[pix]: !astropy.units.Quantity
#       unit: *id001
#       value: 14.0
#   - semi-minor_axis[pix]: !astropy.units.Quantity
#       unit: *id001
#       value: 13.0
#   - theta[rad]: !astropy.units.Quantity
#       unit: *id002
#       value: 1.9198621771937625
# - name: TSUB aperture:2
#   datatype: float64
#   meta: !!omap
#   - {'ra[deg]': 51.410076479987964}
#   - {'dec[deg]': 30.7374784386212}
#   - semi-major_axis[pix]: !astropy.units.Quantity
#       unit: *id001
#       value: 15.0
#   - semi-minor_axis[pix]: !astropy.units.Quantity
#       unit: *id001
#       value: 9.0
#   - theta[rad]: !astropy.units.Quantity
#       unit: *id002
#       value: 0.9599310885968813
# - name: TDIV aperture:2
#   datatype: float64
#   meta: !!omap
#   - {'ra[deg]': 51.410076479987964}
#   - {'dec[deg]': 30.7374784386212}
#   - semi-major_axis[pix]: !astropy.units.Quantity
#       unit: *id001
#       value: 15.0
#   - semi-minor_axis[pix]: !astropy.units.Quantity
#       unit: *id001
#       value: 9.0
#   - theta[rad]: !astropy.units.Quantity
#       unit: *id002
#       value: 0.9599310885968813
# - name: TSUB aperture:3
#   datatype: float64
#   meta: !!omap
#   - {'ra[deg]': 51.41298441349432}
#   - {'dec[deg]': 30.732755942023523}
#   - semi-major_axis[pix]: !astropy.units.Quantity
#       unit: *id001
#       value: 10.0
#   - semi-minor_axis[pix]: !astropy.units.Quantity
#       unit: *id001
#       value: 10.0
#   - theta[rad]: !astropy.units.Quantity
#       unit: *id002
#       value: 0.0
# - name: TDIV aperture:3
#   datatype: float64
#   meta: !!omap
#   - {'ra[deg]': 51.41298441349432}
#   - {'dec[deg]': 30.732755942023523}
#   - semi-major_axis[pix]: !astropy.units.Quantity
#       unit: *id001
#       value: 10.0
#   - semi-minor_axis[pix]: !astropy.units.Quantity
#       unit: *id001
#       value: 10.0
#   - theta[rad]: !astropy.units.Quantity
#       unit: *id002
#       value: 0.0
# meta: !!omap
# - {description: this table provides the calibrated magnitudes for each aperture}
# - __serialized_columns__:
#     time:
#       __class__: astropy.time.core.Time
#       format: mjd
#       in_subfmt: '*'
#       out_subfmt: '*'
#       precision: 3
#       scale: utc
#       value: !astropy.table.SerializedColumn {name: time}
# schema: astropy-2.0
time "TARGET aperture:0" "TARGET aperture:1" "TARGET aperture:2" "TARGET aperture:3" aperture:4 aperture:5 aperture:6 aperture:7 aperture:8 "TSUB aperture:0" "TDIV aperture:0" "TSUB aperture:1" "TDIV aperture:1" "TSUB aperture:2" "TDIV aperture:2" "TSUB aperture:3" "TDIV aperture:3"
55237.431567865 11.868615405489779 11.813818644047174 11.889099990821123 12.776730637780314 12.260812960245193 12.977847010547158 12.342442793301698 13.371073162170754 13.728985512848766 14.156465258344046 14.156465258344046 14.250116347438082 14.250116347438082 13.78729535895213 13.78729535895213 20.278 20.278
58349.88702352 12.09178035701573 11.969998254235156 11.967872339781929 12.464632917504396 12.144917556004307 13.133826811328097 12.725958651754071 13.369722158315025 13.740077958664061 13.696549988086884 13.696549988086884 20.278 20.278 20.278 20.278 20.278 20.278
58508.866233149995 12.166721159200172 12.015627609873688 11.73384295888574 12.091520163829307 11.865536899577478 13.186011171215103 12.795699604874882 13.358198367035394 13.686705936317958 12.662203937599156 12.662203937599156 16.362612011266872 16.362612011266872 20.278 20.278 20.278 20.278
58716.172516445 12.210278140113845 11.981108744856751 11.636553224494424 12.13338927425434 11.826968227468987 13.208670027650111 12.902019872411858 13.318563737535719 13.683697484994498 12.564040594637465 12.564040594637465 15.25330755525189 15.25330755525189 20.278 20.278 17.610988609890356 17.610988609890356
58873.039072315005 12.096763224672637 11.976453961676118 11.58000942852157 12.398341607960031 11.904470915093238 13.229347075283354 12.714756831835489 13.36462840228911 13.710755091170626 12.720541489979487 12.720541489979487 14.898442304518854 14.898442304518854 20.278 20.278 20.278 20.278
59081.291126025 12.069551776265223 12.025369484922718 11.91558534217591 12.40096855458036 12.265115449823211 13.135141042187106 12.645526866858107 13.306161816482733 13.640909387392021 13.971760506761864 13.971760506761864 15.367380306668737 15.367380306668737 20.278 20.278 16.860668270239948 16.860668270239948
59240.09422423 11.991924050843371 11.99158442535467 11.746859440771185 12.031618206303895 12.04391380142446 13.170639799458902 12.5452610915679 13.373501609454511 13.73554607629463 12.976104443379004 12.976104443379004 15.22078904237337 15.22078904237337 15.069574703593737 15.069574703593737 20.278 20.278
59445.431297610005 12.175109840854807 12.042570380581152 11.708229657177771 12.322360686713582 12.030114610125443 13.096975694157928 12.831752783742532 13.343564528538467 13.704534057107631 13.066180028692989 13.066180028692989 14.879905077491301 14.879905077491301 20.278 20.278 20.278 20.278
59604.385378125 12.188360307244546 12.05994647463897 11.87909354657346 12.314072965108675 12.211122677597817 13.088360363775573 12.808717845278109 13.353716772315856 13.732379300923338 13.657496353971728 13.657496353971728 15.16279911070141 15.16279911070141 20.278 20.278 20.278 20.278
56702.250995744995 12.082151037599873 11.86508588676031 13.150287856684603 13.485116963030253 13.367453042608956 12.989347156739955 12.66316311072716 13.338317168073305 13.678372724122566 20.278 20.278 20.278 20.278 20.278 20.278 17.40209736871748 17.40209736871748
56892.673826575 11.944636115448363 11.833588923238802 13.148769406796681 13.643334024265913 13.379970922582494 13.02153137474692 12.471279561422932 13.364966861581962 13.757774811920331 20.278 20.278 20.278 20.278 14.400873339509095 14.400873339509095 20.278 20.278
57061.329406755 11.93184258848632 11.818889617905441 13.26372221048456 13.653262585350634 13.450235170109194 13.015723854643346 12.442722699827806 13.289755025406373 13.60222019060809 20.278 20.278 20.278 20.278 14.164172011615603 14.164172011615603 16.30961543496412 16.30961543496412
57254.582917025 11.979390872222913 11.838403178775538 13.102425170398659 13.661137543503777 13.313192994303376 13.019755998013009 12.513615159991264 13.359082779816932 13.692140545035949 20.278 20.278 20.278 20.278 14.715266991615538 14.715266991615538 20.278 20.278
57420.864491895 12.080766979599058 11.917112056635752 12.969795607832701 13.29527660982258 13.173967333415282 13.05066959297517 12.633801489750761 13.33705007806048 13.658060705107504 20.278 20.278 20.278 20.278 20.278 20.278 17.642181098919384 17.642181098919384
57621.63377437 12.123096296520206 11.867873174033173 12.830233544861423 13.306545058070022 13.10644787406124 13.06662141700459 12.772919113756922 13.347712092250546 13.678271769370765 20.278 20.278 20.278 20.278 20.278 20.278 20.278 20.278
57786.738702545 12.124177129149281 11.899667220807464 12.741004980872567 13.115808807398329 12.94500562709317 13.044201369847253 12.738976999743299 13.324008581099855 13.612203756063652 20.278 20.278 20.278 20.278 20.278 20.278 17.191211547756343 17.191211547756343
57985.782748415004 12.025664094705373 11.941285188305901 12.157936874811698 12.356980839320668 12.332962997293953 13.104551904590966 12.600909185478658 13.347655422826714 13.709340696350685 14.912670065096403 14.912670065096403 20.278 20.278 16.017644464507995 16.017644464507995 18.318594612906267 18.318594612906267
58143.323827855 12.06960288669609 11.994835959940128 12.25501946481951 12.225604945983616 12.395073458120521 13.086805268121688 12.625161733757375 13.399362822724084 13.736828873803736 15.419587479058753 15.419587479058753 20.278 20.278 20.233043709655586 20.233043709655586 20.278 20.278
